20561
9521
29534
28582
23442
26219
21157
14238
7058
21046
5545
17633
12897
12868
16761
10649
17042
11868
22280
31481
17292
20131
28844
30085
17972
14042
25986
26029
30560
32116
4315
21940
20747
21837
24160
13988
7391
14977
11358
364
13252
25326
17164
26453
9985
32594
13463
18926
31747
27240
3390
11354
459
28008
30081
3291
10786
24166
7983
2298
2600
29656
17635
15482
8893
31850
20369
2689
17790
30193
16336
18846
27333
25957
763
20130
9754
20965
18189
29120
6494
4240
2376
10721
11309
30620
29131
28505
5565
32201
22998
5366
32765
32153
3068
7775
3942
16610
21311
3059
9372
19011
12395
2146
11775
26942
15150
3908
23085
32257
19724
31667
17254
4679
7519
6239
23090
12347
19633
13884
17481
18448
18002
32010
25780
13741
8597
28598
26468
12250
22624
11250
21648
1562
15555
29574
13444
5127
3939
2602
6885
23836
5608
3218
31928
16510
28374
19404
31315
